0.211019993         0.055739999         0.325819999
     0.037610002         0.944379985         0.071110003
     0.461710006         0.445089996         0.427679986
     0.461849988         0.055870000         0.428050011
     0.038070001         0.554449975         0.073069997
     0.210679993         0.441549987         0.323830009
     0.288439989         0.943300009         0.176630005
     0.288399994         0.557129979         0.176009998
     0.151140004         0.026590001         0.396490008
     0.097010002         0.977930009         0.143889993
     0.401470006         0.472389996         0.355540007
     0.401829988         0.027210001         0.355239987
     0.102490000         0.529449999         0.145469993
     0.150110006         0.473120004         0.396120012
     0.348659992         0.973010004         0.105020002
     0.348560005         0.526669979         0.105060004
     0.139850006         0.067060001         0.008560000
     0.108120002         0.941770017         0.256119996
     0.390670002         0.435130000         0.245039999
     0.390579998         0.064810000         0.244929999
     0.107179999         0.557749987         0.257959992
     0.139770001         0.443320006         0.005340000
     0.359400004         0.935370028         0.494590014
     0.358969986         0.564689994         0.494320005
     0.060449999         0.067440003         0.006740000
     0.187849998         0.936140001         0.254379988
     0.310889989         0.438630015         0.244870007
     0.310770005         0.062470000         0.245299995
     0.188040003         0.561479986         0.254040003
     0.060180001         0.437460005         0.004040000
     0.438829988         0.933329999         0.494109988
     0.438290000         0.567349970         0.493860006
     0.035000000         0.029710000         0.400590003
     0.216910005         0.980390012         0.146929994
     0.284379989         0.469639987         0.350860000
     0.284729987         0.029980000         0.351300001
     0.217020005         0.516589999         0.145239994
     0.034540001         0.468899995         0.397599995
     0.464740008         0.969269991         0.099919997
     0.464100003         0.531189978         0.099399999
     0.089240000         0.057829998         0.327030003
     0.161320001         0.946049988         0.075829998
     0.339410007         0.446049988         0.425130010
     0.340020001         0.054060001         0.425469995
     0.160370007         0.549920022         0.074510001
     0.089690000         0.438520014         0.326840013
     0.410050005         0.946139991         0.175359994
     0.410010010         0.553279996         0.175229996
     0.212329999         0.826650023         0.331699997
     0.039799999         0.176970005         0.082690001
     0.459910005         0.672749996         0.416440010
     0.459690005         0.827920020         0.415690005
     0.040429998         0.332590014         0.083839998
     0.211319998         0.670970023         0.332280010
     0.290450007         0.173679993         0.168239996
     0.291280001         0.325639993         0.168090001
     0.150450006         0.867590010         0.396820009
     0.099200003         0.136329994         0.151460007
     0.401089996         0.629289985         0.346650004
     0.400539994         0.870389998         0.346450001
     0.099639997         0.372750014         0.157429993
     0.150440007         0.633390009         0.401369989
     0.349200010         0.130129993         0.097479999
     0.349640012         0.369890004         0.097790003
     0.133330002         0.832260013         0.003760000
     0.117169999         0.170159996         0.261429995
     0.381599993         0.671220005         0.237650007
     0.381720006         0.828040004         0.237670004
     0.117260002         0.326040000         0.262549996
     0.136519998         0.673780024         0.008410000
     0.366719991         0.172340006         0.488790005
     0.366880000         0.328500003         0.488830000
     0.057370000         0.828320026         0.001380000
     0.192880005         0.169750005         0.255309999
     0.304569989         0.673120022         0.243230000
     0.304329991         0.827709973         0.242990002
     0.193279997         0.323399991         0.256390005
     0.059659999         0.670939982         0.006150000
     0.443729997         0.173759997         0.494709998
     0.443960011         0.327549994         0.494899988
     0.030649999         0.871810019         0.397810012
     0.217510000         0.138919994         0.144909993
     0.281850010         0.627699971         0.350800008
     0.281899989         0.871590018         0.350930005
     0.219050005         0.359160006         0.149110004
     0.031800002         0.626770020         0.400669992
     0.468499988         0.128250003         0.100299999
     0.467999995         0.373710006         0.100369997
     0.088399999         0.829089999         0.330989987
     0.158030003         0.179490000         0.081809998
     0.340909988         0.671289980         0.415259987
     0.340759993         0.829330027         0.415109992
     0.157790005         0.332639992         0.086070001
     0.088760003         0.672389984         0.336690009
     0.409999996         0.170489997         0.165069997
     0.410200000         0.329800010         0.165179998
     0.711019993         0.055739999         0.325819999
     0.537609994         0.944379985         0.071110003
     0.961709976         0.445089996         0.427679986
     0.961849988         0.055870000         0.428050011
     0.538070023         0.554449975         0.073069997
     0.710680008         0.441549987         0.323830009
     0.788439989         0.943300009         0.176630005
     0.788399994         0.557129979         0.176009998
     0.651139975         0.026590001         0.396490008
     0.597010016         0.977930009         0.143889993
     0.901470006         0.472389996         0.355540007
     0.901830018         0.027210001         0.355239987
     0.602490008         0.529449999         0.145469993
     0.650110006         0.473120004         0.396120012
     0.848659992         0.973010004         0.105020002
     0.848559976         0.526669979         0.105060004
     0.639850020         0.067060001         0.008560000
     0.608120024         0.941770017         0.256119996
     0.890670002         0.435130000         0.245039999
     0.890579998         0.064810000         0.244929999
     0.607179999         0.557749987         0.257959992
     0.639769971         0.443320006         0.005340000
     0.859399974         0.935370028         0.494590014
     0.858969986         0.564689994         0.494320005
     0.560450017         0.067440003         0.006740000
     0.687849998         0.936140001         0.254379988
     0.810890019         0.438630015         0.244870007
     0.810769975         0.062470000         0.245299995
     0.688040018         0.561479986         0.254040003
     0.560180008         0.437460005         0.004040000
     0.938830018         0.933329999         0.494109988
     0.938290000         0.567349970         0.493860006
     0.535000026         0.029710000         0.400590003
     0.716910005         0.980390012         0.146929994
     0.784380019         0.469639987         0.350860000
     0.784730017         0.029980000         0.351300001
     0.717019975         0.516589999         0.145239994
     0.534539998         0.468899995         0.397599995
     0.964739978         0.969269991         0.099919997
     0.964100003         0.531189978         0.099399999
     0.589240015         0.057829998         0.327030003
     0.661319971         0.946049988         0.075829998
     0.839410007         0.446049988         0.425130010
     0.840020001         0.054060001         0.425469995
     0.660369992         0.549920022         0.074510001
     0.589690030         0.438520014         0.326840013
     0.910049975         0.946139991         0.175359994
     0.910009980         0.553279996         0.175229996
     0.712329984         0.826650023         0.331699997
     0.539799988         0.176970005         0.082690001
     0.959909976         0.672749996         0.416440010
     0.959689975         0.827920020         0.415690005
     0.540430009         0.332590014         0.083839998
     0.711319983         0.670970023         0.332280010
     0.790449977         0.173679993         0.168239996
     0.791279972         0.325639993         0.168090001
     0.650449991         0.867590010         0.396820009
     0.599200010         0.136329994         0.151460007
     0.901090026         0.629289985         0.346650004
     0.900539994         0.870389998         0.346450001
     0.599640012         0.372750014         0.157429993
     0.650439978         0.633390009         0.401369989
     0.849200010         0.130129993         0.097479999
     0.849640012         0.369890004         0.097790003
     0.633329988         0.832260013         0.003760000
     0.617169976         0.170159996         0.261429995
     0.881600022         0.671220005         0.237650007
     0.881720006         0.828040004         0.237670004
     0.617259979         0.326040000         0.262549996
     0.636520028         0.673780024         0.008410000
     0.866720021         0.172340006         0.488790005
     0.866880000         0.328500003         0.488830000
     0.557370007         0.828320026         0.001380000
     0.692879975         0.169750005         0.255309999
     0.804570019         0.673120022         0.243230000
     0.804329991         0.827709973         0.242990002
     0.693279982         0.323399991         0.256390005
     0.559660017         0.670939982         0.006150000
     0.943729997         0.173759997         0.494709998
     0.943960011         0.327549994         0.494899988
     0.530650020         0.871810019         0.397810012
     0.717509985         0.138919994         0.144909993
     0.781849980         0.627699971         0.350800008
     0.781899989         0.871590018         0.350930005
     0.719049990         0.359160006         0.149110004
     0.531799972         0.626770020         0.400669992
     0.968500018         0.128250003         0.100299999
     0.967999995         0.373710006         0.100369997
     0.588400006         0.829089999         0.330989987
     0.658029974         0.179490000         0.081809998
     0.840910017         0.671289980         0.415259987
     0.840759993         0.829330027         0.415109992
     0.657790005         0.332639992         0.086070001
     0.588760018         0.672389984         0.336690009
     0.910000026         0.170489997         0.165069997
     0.910200000         0.329800010         0.165179998
     0.211019993         0.055739999         0.825820029
     0.037610002         0.944379985         0.571110010
     0.461710006         0.445089996         0.927680016
     0.461849988         0.055870000         0.928049982
     0.038070001         0.554449975         0.573069990
     0.210679993         0.441549987         0.823830009
     0.288439989         0.943300009         0.676630020
     0.288399994         0.557129979         0.676010013
     0.151140004         0.026590001         0.896489978
     0.097010002         0.977930009         0.643890023
     0.401470006         0.472389996         0.855539978
     0.401829988         0.027210001         0.855239987
     0.102490000         0.529449999         0.645470023
     0.150110006         0.473120004         0.896120012
     0.348659992         0.973010004         0.605019987
     0.348560005         0.526669979         0.605059981
     0.139850006         0.067060001         0.508560002
     0.108120002         0.941770017         0.756120026
     0.390670002         0.435130000         0.745039999
     0.390579998         0.064810000         0.744930029
     0.107179999         0.557749987         0.757960021
     0.139770001         0.443320006         0.505339980
     0.359400004         0.935370028         0.994589984
     0.358969986         0.564689994         0.994319975
     0.060449999         0.067440003         0.506739974
     0.187849998         0.936140001         0.754379988
     0.310889989         0.438630015         0.744870007
     0.310770005         0.062470000         0.745299995
     0.188040003         0.561479986         0.754040003
     0.060180001         0.437460005         0.504040003
     0.438829988         0.933329999         0.994109988
     0.438290000         0.567349970         0.993860006
     0.035000000         0.029710000         0.900590003
     0.216910005         0.980390012         0.646929979
     0.284379989         0.469639987         0.850860000
     0.284729987         0.029980000         0.851300001
     0.217020005         0.516589999         0.645240009
     0.034540001         0.468899995         0.897599995
     0.464740008         0.969269991         0.599919975
     0.464100003         0.531189978         0.599399984
     0.089240000         0.057829998         0.827030003
     0.161320001         0.946049988         0.575829983
     0.339410007         0.446049988         0.925130010
     0.340020001         0.054060001         0.925469995
     0.160370007         0.549920022         0.574509978
     0.089690000         0.438520014         0.826839983
     0.410050005         0.946139991         0.675360024
     0.410010010         0.553279996         0.675230026
     0.212329999         0.826650023         0.831700027
     0.039799999         0.176970005         0.582690001
     0.459910005         0.672749996         0.916440010
     0.459690005         0.827920020         0.915690005
     0.040429998         0.332590014         0.583840013
     0.211319998         0.670970023         0.832279980
     0.290450007         0.173679993         0.668240011
     0.291280001         0.325639993         0.668089986
     0.150450006         0.867590010         0.896820009
     0.099200003         0.136329994         0.651459992
     0.401089996         0.629289985         0.846650004
     0.400539994         0.870389998         0.846449971
     0.099639997         0.372750014         0.657429993
     0.150440007         0.633390009         0.901369989
     0.349200010         0.130129993         0.597479999
     0.349640012         0.369890004         0.597790003
     0.133330002         0.832260013         0.503759980
     0.117169999         0.170159996         0.761430025
     0.381599993         0.671220005         0.737649977
     0.381720006         0.828040004         0.737670004
     0.117260002         0.326040000         0.762549996
     0.136519998         0.673780024         0.508409977
     0.366719991         0.172340006         0.988789976
     0.366880000         0.328500003         0.988829970
     0.057370000         0.828320026         0.501380026
     0.192880005         0.169750005         0.755309999
     0.304569989         0.673120022         0.743229985
     0.304329991         0.827709973         0.742990017
     0.193279997         0.323399991         0.756389976
     0.059659999         0.670939982         0.506150007
     0.443729997         0.173759997         0.994710028
     0.443960011         0.327549994         0.994899988
     0.030649999         0.871810019         0.897809982
     0.217510000         0.138919994         0.644909978
     0.281850010         0.627699971         0.850799978
     0.281899989         0.871590018         0.850929976
     0.219050005         0.359160006         0.649110019
     0.031800002         0.626770020         0.900669992
     0.468499988         0.128250003         0.600300014
     0.467999995         0.373710006         0.600369990
     0.088399999         0.829089999         0.830990016
     0.158030003         0.179490000         0.581809998
     0.340909988         0.671289980         0.915260017
     0.340759993         0.829330027         0.915109992
     0.157790005         0.332639992         0.586070001
     0.088760003         0.672389984         0.836690009
     0.409999996         0.170489997         0.665069997
     0.410200000         0.329800010         0.665180027
     0.711019993         0.055739999         0.825820029
     0.537609994         0.944379985         0.571110010
     0.961709976         0.445089996         0.927680016
     0.961849988         0.055870000         0.928049982
     0.538070023         0.554449975         0.573069990
     0.710680008         0.441549987         0.823830009
     0.788439989         0.943300009         0.676630020
     0.788399994         0.557129979         0.676010013
     0.651139975         0.026590001         0.896489978
     0.597010016         0.977930009         0.643890023
     0.901470006         0.472389996         0.855539978
     0.901830018         0.027210001         0.855239987
     0.602490008         0.529449999         0.645470023
     0.650110006         0.473120004         0.896120012
     0.848659992         0.973010004         0.605019987
     0.848559976         0.526669979         0.605059981
     0.639850020         0.067060001         0.508560002
     0.608120024         0.941770017         0.756120026
     0.890670002         0.435130000         0.745039999
     0.890579998         0.064810000         0.744930029
     0.607179999         0.557749987         0.757960021
     0.639769971         0.443320006         0.505339980
     0.859399974         0.935370028         0.994589984
     0.858969986         0.564689994         0.994319975
     0.560450017         0.067440003         0.506739974
     0.687849998         0.936140001         0.754379988
     0.810890019         0.438630015         0.744870007
     0.810769975         0.062470000         0.745299995
     0.688040018         0.561479986         0.754040003
     0.560180008         0.437460005         0.504040003
     0.938830018         0.933329999         0.994109988
     0.938290000         0.567349970         0.993860006
     0.535000026         0.029710000         0.900590003
     0.716910005         0.980390012         0.646929979
     0.784380019         0.469639987         0.850860000
     0.784730017         0.029980000         0.851300001
     0.717019975         0.516589999         0.645240009
     0.534539998         0.468899995         0.897599995
     0.964739978         0.969269991         0.599919975
     0.964100003         0.531189978         0.599399984
     0.589240015         0.057829998         0.827030003
     0.661319971         0.946049988         0.575829983
     0.839410007         0.446049988         0.925130010
     0.840020001         0.054060001         0.925469995
     0.660369992         0.549920022         0.574509978
     0.589690030         0.438520014         0.826839983
     0.910049975         0.946139991         0.675360024
     0.910009980         0.553279996         0.675230026
     0.712329984         0.826650023         0.831700027
     0.539799988         0.176970005         0.582690001
     0.959909976         0.672749996         0.916440010
     0.959689975         0.827920020         0.915690005
     0.540430009         0.332590014         0.583840013
     0.711319983         0.670970023         0.832279980
     0.790449977         0.173679993         0.668240011
     0.791279972         0.325639993         0.668089986
     0.650449991         0.867590010         0.896820009
     0.599200010         0.136329994         0.651459992
     0.901090026         0.629289985         0.846650004
     0.900539994         0.870389998         0.846449971
     0.599640012         0.372750014         0.657429993
     0.650439978         0.633390009         0.901369989
     0.849200010         0.130129993         0.597479999
     0.849640012         0.369890004         0.597790003
     0.633329988         0.832260013         0.503759980
     0.617169976         0.170159996         0.761430025
     0.881600022         0.671220005         0.737649977
     0.881720006         0.828040004         0.737670004
     0.617259979         0.326040000         0.762549996
     0.636520028         0.673780024         0.508409977
     0.866720021         0.172340006         0.988789976
     0.866880000         0.328500003         0.988829970
     0.557370007         0.828320026         0.501380026
     0.692879975         0.169750005         0.755309999
     0.804570019         0.673120022         0.743229985
     0.804329991         0.827709973         0.742990017
     0.693279982         0.323399991         0.756389976
     0.559660017         0.670939982         0.506150007
     0.943729997         0.173759997         0.994710028
     0.943960011         0.327549994         0.994899988
     0.530650020         0.871810019         0.897809982
     0.717509985         0.138919994         0.644909978
     0.781849980         0.627699971         0.850799978
     0.781899989         0.871590018         0.850929976
     0.719049990         0.359160006         0.649110019
     0.531799972         0.626770020         0.900669992
     0.968500018         0.128250003         0.600300014
     0.967999995         0.373710006         0.600369990
     0.588400006         0.829089999         0.830990016
     0.658029974         0.179490000         0.581809998
     0.840910017         0.671289980         0.915260017
     0.840759993         0.829330027         0.915109992
     0.657790005         0.332639992         0.586070001
     0.588760018         0.672389984         0.836690009
     0.910000026         0.170489997         0.665069997
     0.910200000         0.329800010         0.665180027
     0.245499998         0.046590000         0.356700003
     0.003900000         0.950600028         0.103759997
     0.494700015         0.456569999         0.394160002
     0.495480001         0.044420000         0.396200001
     0.003320000         0.547720015         0.103139997
     0.244890004         0.454349995         0.354710013
     0.256280005         0.962360024         0.143309996
     0.255950004         0.538360000         0.143610001
     0.180319995         0.062969998         0.364840001
     0.069410004         0.945100009         0.108039998
     0.429470003         0.440219998         0.391559988
     0.430220008         0.059160002         0.390760005
     0.068240002         0.546410024         0.111900002
     0.179120004         0.441850007         0.361160010
     0.320670009         0.939779997         0.140579998
     0.320639998         0.561269999         0.140269995
     0.214849994         0.123120002         0.292169988
     0.036830001         0.874319971         0.040369999
     0.465600014         0.375589997         0.458609998
     0.465339988         0.125929996         0.458270013
     0.039450001         0.628679991         0.047520000
     0.214120001         0.370270014         0.294880003
     0.282889992         0.871119976         0.203510001
     0.282469988         0.630949974         0.202250004
     0.205219999         0.991829991         0.290960014
     0.039810002         0.006640000         0.032520000
     0.458029985         0.506500006         0.467000008
     0.458110005         0.995230019         0.467949986
     0.039460000         0.499100000         0.028829999
     0.206410006         0.500880003         0.283270001
     0.293500006         0.996590018         0.221410006
     0.293870002         0.505710006         0.221819997
     0.149719998         0.062350001         0.450459987
     0.095260002         0.942460001         0.198290005
     0.400260001         0.430960000         0.303570002
     0.400429994         0.068820000         0.303400010
     0.089220002         0.566349983         0.203569993
     0.149690002         0.430640012         0.447250009
     0.350290000         0.931389987         0.053250000
     0.350010008         0.567730010         0.053100001
     0.158280000         0.946699977         0.402269989
     0.090769999         0.056990001         0.149230003
     0.410259992         0.550339997         0.344220012
     0.410250008         0.949129999         0.343789995
     0.095260002         0.452019989         0.166099995
     0.156110004         0.553309977         0.404269993
     0.340000004         0.051029999         0.094480000
     0.339340001         0.448599994         0.095679998
     0.115369998         0.035599999         0.369830012
     0.134389997         0.964519978         0.121080004
     0.365339994         0.468409985         0.381940007
     0.366039991         0.031599998         0.382440001
     0.129380003         0.503669977         0.098600000
     0.113899998         0.465160012         0.370629996
     0.384609997         0.969229996         0.131970003
     0.384420007         0.529890001         0.132039994
     0.150790006         0.139550000         0.030270001
     0.093910001         0.872879982         0.280829996
     0.402460009         0.366409987         0.217950001
     0.402779996         0.133190006         0.217700005
     0.094999999         0.619910002         0.292299986
     0.151820004         0.379150003         0.037820000
     0.346749991         0.866930008         0.467799991
     0.346410006         0.633740008         0.468180001
     0.099990003         0.055420000         0.015570000
     0.147819996         0.953410029         0.264099985
     0.350800008         0.444370002         0.237949997
     0.350710005         0.056830000         0.238000005
     0.148139998         0.553359985         0.263110012
     0.099540003         0.450989991         0.008940000
     0.399230003         0.943400025         0.486319989
     0.398699999         0.555750012         0.486270010
     0.160060003         0.011190000         0.039799999
     0.089460000         0.004650000         0.281720012
     0.409260005         0.499689996         0.220689997
     0.408829987         0.999589980         0.220880002
     0.092869997         0.487980008         0.279570013
     0.159620002         0.511280000         0.019579999
     0.341069996         0.000320000         0.470829993
     0.340169996         0.500649989         0.469949991
     0.049199998         0.138349995         0.031199999
     0.209680006         0.868799984         0.279119998
     0.296469986         0.374080002         0.215800002
     0.296249986         0.127460003         0.216830000
     0.206139997         0.629090011         0.279560000
     0.049520001         0.368239999         0.031319998
     0.450740010         0.863799989         0.468340009
     0.449079990         0.638059974         0.468620002
     0.051490001         0.067630000         0.448049992
     0.202299997         0.958050013         0.200039998
     0.300929993         0.432709992         0.302969992
     0.301250011         0.067489997         0.303660005
     0.199970007         0.550189972         0.195730001
     0.049750000         0.431670010         0.446000010
     0.447840005         0.931119978         0.052770000
     0.447450012         0.570249975         0.052450001
     0.052170001         0.058720000         0.350589991
     0.198730007         0.944289982         0.099409997
     0.302309990         0.443210006         0.401279986
     0.302989990         0.055420000         0.401699990
     0.200230002         0.533529997         0.091449998
     0.051750001         0.438490003         0.347900003
     0.447109997         0.944630027         0.151219994
     0.446889997         0.556400001         0.150910005
     0.041439999         0.949500024         0.404929996
     0.210360005         0.059590001         0.141220003
     0.291200012         0.549539983         0.345369995
     0.290719986         0.949970007         0.344720006
     0.213280007         0.438259989         0.156499997
     0.042390000         0.548650026         0.400709987
     0.460110009         0.049419999         0.092780001
     0.457700014         0.451480001         0.092210002
     0.097719997         0.131229997         0.305409998
     0.153540000         0.883700013         0.038740002
     0.348399997         0.372469991         0.446530014
     0.348549992         0.128220007         0.446269989
     0.159600005         0.630069971         0.047210000
     0.099820003         0.363860011         0.309040010
     0.400680006         0.871940017         0.195659995
     0.400160015         0.627200007         0.195580006
     0.242569998         0.860149980         0.362980008
     0.008120000         0.139589995         0.108530000
     0.491910011         0.634119987         0.393260002
     0.490759999         0.865660012         0.388650000
     0.007770000         0.367320001         0.108960003
     0.242190003         0.636619985         0.361600012
     0.257099986         0.152630001         0.137869999
     0.258109987         0.345849991         0.137070000
     0.177860007         0.831740022         0.361719996
     0.070950001         0.175809994         0.120650001
     0.429560006         0.669229984         0.376969993
     0.427920014         0.830269992         0.378780007
     0.071249999         0.340009987         0.121900000
     0.177520007         0.665809989         0.363770008
     0.321839988         0.168530002         0.130840003
     0.323060006         0.329690009         0.131469995
     0.220599994         0.748340011         0.320230007
     0.031520002         0.254860014         0.071379997
     0.469209999         0.750469983         0.426759988
     0.287449986         0.249819994         0.188610002
     0.152170002         0.830910027         0.450520009
     0.098279998         0.160970002         0.208600000
     0.399190009         0.660229981         0.291070014
     0.399529994         0.838660002         0.291099995
     0.096740000         0.336259991         0.211380005
     0.155039996         0.669019997         0.455110013
     0.348690003         0.161760002         0.042100001
     0.348969996         0.339130014         0.042199999
     0.113770001         0.855300009         0.373580009
     0.135460004         0.149159998         0.126939997
     0.365280002         0.638930023         0.373530000
     0.364289999         0.861710012         0.372249991
     0.135879993         0.354750007         0.133929998
     0.113499999         0.653940022         0.382369995
     0.385789990         0.140269995         0.122100003
     0.386400014         0.360780001         0.121930003
     0.133650005         0.754040003         0.023660000
     0.117950000         0.247740000         0.277240008
     0.383379996         0.749549985         0.222000003
     0.364710003         0.250440001         0.472719997
     0.095229998         0.856989980         0.493930012
     0.154870003         0.141489998         0.256170005
     0.342770010         0.647509992         0.240989998
     0.343010008         0.851459980         0.241219997
     0.155389994         0.352149993         0.254920006
     0.098499998         0.646019995         0.003210000
     0.405299991         0.148690000         0.493000001
     0.405440003         0.352259994         0.492949992
     0.057319999         0.750450015         0.019840000
     0.194250003         0.246329993         0.275570005
     0.301090002         0.750079989         0.225370005
     0.446759999         0.250629991         0.475829989
     0.039280001         0.829909980         0.447750002
     0.206630006         0.167480007         0.198840007
     0.289889991         0.665369987         0.298590004
     0.290479988         0.833069980         0.299259990
     0.209429994         0.323529989         0.201269999
     0.042580001         0.661329985         0.452509999
     0.457210004         0.169410005         0.051220000
     0.457430005         0.331220001         0.051479999
     0.050570000         0.838999987         0.350989997
     0.196569994         0.174429998         0.100319996
     0.302830011         0.661490023         0.395850003
     0.302579999         0.839060009         0.396820009
     0.196740001         0.333020002         0.102990001
     0.050590001         0.666260004         0.355820000
     0.448269993         0.156660005         0.148279995
     0.448489994         0.343800008         0.148609996
     0.094920002         0.749819994         0.317919999
     0.148249999         0.256480008         0.070440002
     0.348809987         0.750349998         0.422399998
     0.403640002         0.250140011         0.171959996
     0.745500028         0.046590000         0.356700003
     0.503899992         0.950600028         0.103759997
     0.994700015         0.456569999         0.394160002
     0.995480001         0.044420000         0.396200001
     0.503319979         0.547720015         0.103139997
     0.744889975         0.454349995         0.354710013
     0.756280005         0.962360024         0.143309996
     0.755949974         0.538360000         0.143610001
     0.680320024         0.062969998         0.364840001
     0.569410026         0.945100009         0.108039998
     0.929470003         0.440219998         0.391559988
     0.930220008         0.059160002         0.390760005
     0.568239987         0.546410024         0.111900002
     0.679120004         0.441850007         0.361160010
     0.820680022         0.939779997         0.140579998
     0.820640028         0.561269999         0.140269995
     0.714850008         0.123120002         0.292169988
     0.536830008         0.874319971         0.040369999
     0.965600014         0.375589997         0.458609998
     0.965340018         0.125929996         0.458270013
     0.539439976         0.628679991         0.047520000
     0.714119971         0.370270014         0.294880003
     0.782890022         0.871119976         0.203510001
     0.782469988         0.630949974         0.202250004
     0.705219984         0.991829991         0.290960014
     0.539810002         0.006640000         0.032520000
     0.958029985         0.506500006         0.467000008
     0.958109975         0.995230019         0.467949986
     0.539460003         0.499100000         0.028829999
     0.706409991         0.500880003         0.283270001
     0.793500006         0.996590018         0.221410006
     0.793869972         0.505710006         0.221819997
     0.649720013         0.062350001         0.450459987
     0.595260024         0.942460001         0.198290005
     0.900259972         0.430960000         0.303570002
     0.900430024         0.068820000         0.303400010
     0.589219987         0.566349983         0.203569993
     0.649689972         0.430640012         0.447250009
     0.850290000         0.931389987         0.053250000
     0.850009978         0.567730010         0.053100001
     0.658280015         0.946699977         0.402269989
     0.590770006         0.056990001         0.149230003
     0.910260022         0.550339997         0.344220012
     0.910250008         0.949129999         0.343789995
     0.595260024         0.452019989         0.166099995
     0.656109989         0.553309977         0.404269993
     0.839999974         0.051029999         0.094480000
     0.839339972         0.448599994         0.095679998
     0.615369976         0.035599999         0.369830012
     0.634389997         0.964519978         0.121080004
     0.865339994         0.468409985         0.381940007
     0.866039991         0.031599998         0.382440001
     0.629379988         0.503669977         0.098600000
     0.613900006         0.465160012         0.370629996
     0.884609997         0.969229996         0.131970003
     0.884419978         0.529890001         0.132039994
     0.650789976         0.139550000         0.030270001
     0.593909979         0.872879982         0.280829996
     0.902459979         0.366409987         0.217950001
     0.902779996         0.133190006         0.217700005
     0.595000029         0.619910002         0.292299986
     0.651820004         0.379150003         0.037820000
     0.846750021         0.866930008         0.467799991
     0.846409976         0.633740008         0.468180001
     0.599990010         0.055420000         0.015570000
     0.647819996         0.953410029         0.264099985
     0.850799978         0.444370002         0.237949997
     0.850709975         0.056830000         0.238000005
     0.648140013         0.553359985         0.263110012
     0.599539995         0.450989991         0.008940000
     0.899230003         0.943400025         0.486319989
     0.898699999         0.555750012         0.486270010
     0.660059988         0.011190000         0.039799999
     0.589460015         0.004650000         0.281720012
     0.909259975         0.499689996         0.220689997
     0.908829987         0.999589980         0.220880002
     0.592859983         0.487980008         0.279570013
     0.659619987         0.511280000         0.019579999
     0.841069996         0.000320000         0.470829993
     0.840170026         0.500649989         0.469949991
     0.549199998         0.138349995         0.031199999
     0.709680021         0.868799984         0.279119998
     0.796469986         0.374080002         0.215800002
     0.796249986         0.127460003         0.216830000
     0.706139982         0.629090011         0.279560000
     0.549520016         0.368239999         0.031319998
     0.950739980         0.863799989         0.468340009
     0.949079990         0.638059974         0.468620002
     0.551490009         0.067630000         0.448049992
     0.702300012         0.958050013         0.200039998
     0.800930023         0.432709992         0.302969992
     0.801240027         0.067489997         0.303660005
     0.699970007         0.550189972         0.195730001
     0.549749970         0.431670010         0.446000010
     0.947839975         0.931119978         0.052770000
     0.947449982         0.570249975         0.052450001
     0.552169979         0.058720000         0.350589991
     0.698729992         0.944289982         0.099409997
     0.802309990         0.443210006         0.401279986
     0.802990019         0.055420000         0.401699990
     0.700230002         0.533529997         0.091449998
     0.551750004         0.438490003         0.347900003
     0.947109997         0.944630027         0.151219994
     0.946889997         0.556400001         0.150910005
     0.541440010         0.949500024         0.404929996
     0.710359991         0.059590001         0.141220003
     0.791199982         0.549539983         0.345369995
     0.790719986         0.949970007         0.344720006
     0.713280022         0.438259989         0.156499997
     0.542389989         0.548650026         0.400709987
     0.960110009         0.049419999         0.092780001
     0.957700014         0.451480001         0.092210002
     0.597720027         0.131229997         0.305409998
     0.653540015         0.883700013         0.038740002
     0.848399997         0.372469991         0.446530014
     0.848550022         0.128220007         0.446269989
     0.659600019         0.630069971         0.047210000
     0.599820018         0.363860011         0.309040010
     0.900680006         0.871940017         0.195659995
     0.900160015         0.627200007         0.195580006
     0.742569983         0.860149980         0.362980008
     0.508120000         0.139589995         0.108530000
     0.991909981         0.634119987         0.393260002
     0.990760028         0.865660012         0.388650000
     0.507770002         0.367320001         0.108960003
     0.742190003         0.636619985         0.361600012
     0.757099986         0.152630001         0.137869999
     0.758109987         0.345849991         0.137070000
     0.677860022         0.831740022         0.361719996
     0.570949972         0.175809994         0.120650001
     0.929560006         0.669229984         0.376969993
     0.927919984         0.830269992         0.378780007
     0.571250021         0.340009987         0.121900000
     0.677519977         0.665809989         0.363770008
     0.821839988         0.168530002         0.130840003
     0.823059976         0.329690009         0.131469995
     0.720600009         0.748340011         0.320230007
     0.531520009         0.254860014         0.071379997
     0.969210029         0.750469983         0.426759988
     0.787450016         0.249819994         0.188610002
     0.652170002         0.830910027         0.450520009
     0.598280013         0.160970002         0.208600000
     0.899190009         0.660229981         0.291070014
     0.899529994         0.838660002         0.291099995
     0.596740007         0.336259991         0.211380005
     0.655040026         0.669019997         0.455110013
     0.848689973         0.161760002         0.042100001
     0.848969996         0.339130014         0.042199999
     0.613770008         0.855300009         0.373580009
     0.635460019         0.149159998         0.126939997
     0.865279973         0.638930023         0.373530000
     0.864289999         0.861710012         0.372249991
     0.635879993         0.354750007         0.133929998
     0.613499999         0.653940022         0.382369995
     0.885789990         0.140269995         0.122100003
     0.886399984         0.360780001         0.121930003
     0.633650005         0.754040003         0.023660000
     0.617950022         0.247740000         0.277240008
     0.883379996         0.749549985         0.222000003
     0.864709973         0.250440001         0.472719997
     0.595229983         0.856989980         0.493930012
     0.654869974         0.141489998         0.256170005
     0.842769980         0.647509992         0.240989998
     0.843010008         0.851459980         0.241219997
     0.655390024         0.352149993         0.254920006
     0.598500013         0.646019995         0.003210000
     0.905300021         0.148690000         0.493000001
     0.905439973         0.352259994         0.492949992
     0.557319999         0.750450015         0.019840000
     0.694249988         0.246329993         0.275570005
     0.801090002         0.750079989         0.225370005
     0.946759999         0.250629991         0.475829989
     0.539279997         0.829909980         0.447750002
     0.706629992         0.167480007         0.198840007
     0.789889991         0.665369987         0.298590004
     0.790480018         0.833069980         0.299259990
     0.709429979         0.323529989         0.201269999
     0.542580009         0.661329985         0.452509999
     0.957210004         0.169410005         0.051220000
     0.957430005         0.331220001         0.051479999
     0.550570011         0.838999987         0.350989997
     0.696569979         0.174429998         0.100319996
     0.802829981         0.661490023         0.395850003
     0.802579999         0.839060009         0.396820009
     0.696730018         0.333020002         0.102990001
     0.550589979         0.666260004         0.355820000
     0.948270023         0.156660005         0.148279995
     0.948490024         0.343800008         0.148609996
     0.594919980         0.749819994         0.317919999
     0.648249984         0.256480008         0.070440002
     0.848810017         0.750349998         0.422399998
     0.903639972         0.250140011         0.171959996
     0.245499998         0.046590000         0.856700003
     0.003900000         0.950600028         0.603760004
     0.494700015         0.456569999         0.894159973
     0.495480001         0.044420000         0.896200001
     0.003320000         0.547720015         0.603139997
     0.244890004         0.454349995         0.854709983
     0.256280005         0.962360024         0.643310010
     0.255950004         0.538360000         0.643610001
     0.180319995         0.062969998         0.864839971
     0.069410004         0.945100009         0.608039975
     0.429470003         0.440219998         0.891560018
     0.430220008         0.059160002         0.890760005
     0.068240002         0.546410024         0.611899972
     0.179120004         0.441850007         0.861159980
     0.320670009         0.939779997         0.640579998
     0.320639998         0.561269999         0.640269995
     0.214849994         0.123120002         0.792169988
     0.036830001         0.874319971         0.540369987
     0.465600014         0.375589997         0.958609998
     0.465339988         0.125929996         0.958270013
     0.039450001         0.628679991         0.547519982
     0.214120001         0.370270014         0.794879973
     0.282889992         0.871119976         0.703509986
     0.282469988         0.630949974         0.702250004
     0.205219999         0.991829991         0.790960014
     0.039810002         0.006640000         0.532519996
     0.458029985         0.506500006         0.967000008
     0.458110005         0.995230019         0.967949986
     0.039460000         0.499100000         0.528829992
     0.206410006         0.500880003         0.783270001
     0.293500006         0.996590018         0.721409976
     0.293870002         0.505710006         0.721819997
     0.149719998         0.062350001         0.950460017
     0.095260002         0.942460001         0.698289990
     0.400260001         0.430960000         0.803569973
     0.400429994         0.068820000         0.803399980
     0.089220002         0.566349983         0.703570008
     0.149690002         0.430640012         0.947250009
     0.350290000         0.931389987         0.553250015
     0.350010008         0.567730010         0.553099990
     0.158280000         0.946699977         0.902270019
     0.090769999         0.056990001         0.649230003
     0.410259992         0.550339997         0.844219983
     0.410250008         0.949129999         0.843789995
     0.095260002         0.452019989         0.666100025
     0.156110004         0.553309977         0.904269993
     0.340000004         0.051029999         0.594479978
     0.339340001         0.448599994         0.595679998
     0.115369998         0.035599999         0.869830012
     0.134389997         0.964519978         0.621079981
     0.365339994         0.468409985         0.881940007
     0.366039991         0.031599998         0.882439971
     0.129380003         0.503669977         0.598599970
     0.113899998         0.465160012         0.870630026
     0.384609997         0.969229996         0.631969988
     0.384420007         0.529890001         0.632040024
     0.150790006         0.139550000         0.530269980
     0.093910001         0.872879982         0.780830026
     0.402460009         0.366409987         0.717949986
     0.402779996         0.133190006         0.717700005
     0.094999999         0.619910002         0.792299986
     0.151820004         0.379150003         0.537819982
     0.346749991         0.866930008         0.967800021
     0.346410006         0.633740008         0.968180001
     0.099990003         0.055420000         0.515569985
     0.147819996         0.953410029         0.764100015
     0.350800008         0.444370002         0.737950027
     0.350710005         0.056830000         0.737999976
     0.148139998         0.553359985         0.763109982
     0.099540003         0.450989991         0.508939981
     0.399230003         0.943400025         0.986320019
     0.398699999         0.555750012         0.986270010
     0.160060003         0.011190000         0.539799988
     0.089460000         0.004650000         0.781719983
     0.409260005         0.499689996         0.720690012
     0.408829987         0.999589980         0.720879972
     0.092869997         0.487980008         0.779569983
     0.159620002         0.511280000         0.519580007
     0.341069996         0.000320000         0.970830023
     0.340169996         0.500649989         0.969950020
     0.049199998         0.138349995         0.531199992
     0.209680006         0.868799984         0.779120028
     0.296469986         0.374080002         0.715799987
     0.296249986         0.127460003         0.716830015
     0.206139997         0.629090011         0.779560030
     0.049520001         0.368239999         0.531319976
     0.450740010         0.863799989         0.968339980
     0.449079990         0.638059974         0.968620002
     0.051490001         0.067630000         0.948050022
     0.202299997         0.958050013         0.700039983
     0.300929993         0.432709992         0.802969992
     0.301250011         0.067489997         0.803659976
     0.199970007         0.550189972         0.695729971
     0.049750000         0.431670010         0.945999980
     0.447840005         0.931119978         0.552770019
     0.447450012         0.570249975         0.552450001
     0.052170001         0.058720000         0.850589991
     0.198730007         0.944289982         0.599409997
     0.302309990         0.443210006         0.901279986
     0.302989990         0.055420000         0.901700020
     0.200230002         0.533529997         0.591449976
     0.051750001         0.438490003         0.847899973
     0.447109997         0.944630027         0.651220024
     0.446889997         0.556400001         0.650910020
     0.041439999         0.949500024         0.904929996
     0.210360005         0.059590001         0.641219974
     0.291200012         0.549539983         0.845369995
     0.290719986         0.949970007         0.844720006
     0.213280007         0.438259989         0.656499982
     0.042390000         0.548650026         0.900709987
     0.460110009         0.049419999         0.592779994
     0.457700014         0.451480001         0.592209995
     0.097719997         0.131229997         0.805410028
     0.153540000         0.883700013         0.538739979
     0.348399997         0.372469991         0.946529984
     0.348549992         0.128220007         0.946269989
     0.159600005         0.630069971         0.547209978
     0.099820003         0.363860011         0.809040010
     0.400680006         0.871940017         0.695659995
     0.400160015         0.627200007         0.695580006
     0.242569998         0.860149980         0.862980008
     0.008120000         0.139589995         0.608529985
     0.491910011         0.634119987         0.893260002
     0.490759999         0.865660012         0.888650000
     0.007770000         0.367320001         0.608959973
     0.242190003         0.636619985         0.861599982
     0.257099986         0.152630001         0.637870014
     0.258109987         0.345849991         0.637070000
     0.177860007         0.831740022         0.861720026
     0.070950001         0.175809994         0.620649993
     0.429560006         0.669229984         0.876969993
     0.427920014         0.830269992         0.878780007
     0.071249999         0.340009987         0.621900022
     0.177520007         0.665809989         0.863770008
     0.321839988         0.168530002         0.630840003
     0.323060006         0.329690009         0.631470025
     0.220599994         0.748340011         0.820230007
     0.031520002         0.254860014         0.571380019
     0.469209999         0.750469983         0.926760018
     0.287449986         0.249819994         0.688610017
     0.152170002         0.830910027         0.950519979
     0.098279998         0.160970002         0.708599985
     0.399190009         0.660229981         0.791069984
     0.399529994         0.838660002         0.791100025
     0.096740000         0.336259991         0.711380005
     0.155039996         0.669019997         0.955110013
     0.348690003         0.161760002         0.542100012
     0.348969996         0.339130014         0.542209983
     0.113770001         0.855300009         0.873579979
     0.135460004         0.149159998         0.626940012
     0.365280002         0.638930023         0.873529971
     0.364289999         0.861710012         0.872250021
     0.135879993         0.354750007         0.633930027
     0.113499999         0.653940022         0.882369995
     0.385789990         0.140269995         0.622099996
     0.386400014         0.360780001         0.621930003
     0.133650005         0.754040003         0.523660004
     0.117950000         0.247740000         0.777239978
     0.383379996         0.749549985         0.722000003
     0.364710003         0.250440001         0.972720027
     0.095229998         0.856989980         0.993929982
     0.154870003         0.141489998         0.756169975
     0.342770010         0.647509992         0.740989983
     0.343010008         0.851459980         0.741219997
     0.155389994         0.352149993         0.754920006
     0.098499998         0.646019995         0.503210008
     0.405299991         0.148690000         0.992999971
     0.405440003         0.352259994         0.992950022
     0.057319999         0.750450015         0.519840002
     0.194250003         0.246329993         0.775569975
     0.301090002         0.750079989         0.725369990
     0.446759999         0.250629991         0.975830019
     0.039280001         0.829909980         0.947749972
     0.206630006         0.167480007         0.698840022
     0.289889991         0.665369987         0.798590004
     0.290479988         0.833069980         0.799260020
     0.209429994         0.323529989         0.701269984
     0.042580001         0.661329985         0.952509999
     0.457210004         0.169410005         0.551220000
     0.457430005         0.331220001         0.551479995
     0.050570000         0.838999987         0.850989997
     0.196569994         0.174429998         0.600319982
     0.302830011         0.661490023         0.895850003
     0.302579999         0.839060009         0.896820009
     0.196740001         0.333020002         0.602989972
     0.050590001         0.666260004         0.855820000
     0.448269993         0.156660005         0.648280025
     0.448489994         0.343800008         0.648609996
     0.094920002         0.749819994         0.817920029
     0.148249999         0.256480008         0.570439994
     0.348809987         0.750349998         0.922399998
     0.403640002         0.250140011         0.671959996
     0.745500028         0.046590000         0.856700003
     0.503899992         0.950600028         0.603760004
     0.994700015         0.456569999         0.894159973
     0.995480001         0.044420000         0.896200001
     0.503319979         0.547720015         0.603139997
     0.744889975         0.454349995         0.854709983
     0.756280005         0.962360024         0.643310010
     0.755949974         0.538360000         0.643610001
     0.680320024         0.062969998         0.864839971
     0.569410026         0.945100009         0.608039975
     0.929470003         0.440219998         0.891560018
     0.930220008         0.059160002         0.890760005
     0.568239987         0.546410024         0.611899972
     0.679120004         0.441850007         0.861159980
     0.820680022         0.939779997         0.640579998
     0.820640028         0.561269999         0.640269995
     0.714850008         0.123120002         0.792169988
     0.536830008         0.874319971         0.540369987
     0.965600014         0.375589997         0.958609998
     0.965340018         0.125929996         0.958270013
     0.539439976         0.628679991         0.547519982
     0.714119971         0.370270014         0.794879973
     0.782890022         0.871119976         0.703509986
     0.782469988         0.630949974         0.702250004
     0.705219984         0.991829991         0.790960014
     0.539810002         0.006640000         0.532519996
     0.958029985         0.506500006         0.967000008
     0.958109975         0.995230019         0.967949986
     0.539460003         0.499100000         0.528829992
     0.706409991         0.500880003         0.783270001
     0.793500006         0.996590018         0.721409976
     0.793869972         0.505710006         0.721819997
     0.649720013         0.062350001         0.950460017
     0.595260024         0.942460001         0.698289990
     0.900259972         0.430960000         0.803569973
     0.900430024         0.068820000         0.803399980
     0.589219987         0.566349983         0.703570008
     0.649689972         0.430640012         0.947250009
     0.850290000         0.931389987         0.553250015
     0.850009978         0.567730010         0.553099990
     0.658280015         0.946699977         0.902270019
     0.590770006         0.056990001         0.649230003
     0.910260022         0.550339997         0.844219983
     0.910250008         0.949129999         0.843789995
     0.595260024         0.452019989         0.666100025
     0.656109989         0.553309977         0.904269993
     0.839999974         0.051029999         0.594479978
     0.839339972         0.448599994         0.595679998
     0.615369976         0.035599999         0.869830012
     0.634389997         0.964519978         0.621079981
     0.865339994         0.468409985         0.881940007
     0.866039991         0.031599998         0.882439971
     0.629379988         0.503669977         0.598599970
     0.613900006         0.465160012         0.870630026
     0.884609997         0.969229996         0.631969988
     0.884419978         0.529890001         0.632040024
     0.650789976         0.139550000         0.530269980
     0.593909979         0.872879982         0.780830026
     0.902459979         0.366409987         0.717949986
     0.902779996         0.133190006         0.717700005
     0.595000029         0.619910002         0.792299986
     0.651820004         0.379150003         0.537819982
     0.846750021         0.866930008         0.967800021
     0.846409976         0.633740008         0.968180001
     0.599990010         0.055420000         0.515569985
     0.647819996         0.953410029         0.764100015
     0.850799978         0.444370002         0.737950027
     0.850709975         0.056830000         0.737999976
     0.648140013         0.553359985         0.763109982
     0.599539995         0.450989991         0.508939981
     0.899230003         0.943400025         0.986320019
     0.898699999         0.555750012         0.986270010
     0.660059988         0.011190000         0.539799988
     0.589460015         0.004650000         0.781719983
     0.909259975         0.499689996         0.720690012
     0.908829987         0.999589980         0.720879972
     0.592859983         0.487980008         0.779569983
     0.659619987         0.511280000         0.519580007
     0.841069996         0.000320000         0.970830023
     0.840170026         0.500649989         0.969950020
     0.549199998         0.138349995         0.531199992
     0.709680021         0.868799984         0.779120028
     0.796469986         0.374080002         0.715799987
     0.796249986         0.127460003         0.716830015
     0.706139982         0.629090011         0.779560030
     0.549520016         0.368239999         0.531319976
     0.950739980         0.863799989         0.968339980
     0.949079990         0.638059974         0.968620002
     0.551490009         0.067630000         0.948050022
     0.702300012         0.958050013         0.700039983
     0.800930023         0.432709992         0.802969992
     0.801240027         0.067489997         0.803659976
     0.699970007         0.550189972         0.695729971
     0.549749970         0.431670010         0.945999980
     0.947839975         0.931119978         0.552770019
     0.947449982         0.570249975         0.552450001
     0.552169979         0.058720000         0.850589991
     0.698729992         0.944289982         0.599409997
     0.802309990         0.443210006         0.901279986
     0.802990019         0.055420000         0.901700020
     0.700230002         0.533529997         0.591449976
     0.551750004         0.438490003         0.847899973
     0.947109997         0.944630027         0.651220024
     0.946889997         0.556400001         0.650910020
     0.541440010         0.949500024         0.904929996
     0.710359991         0.059590001         0.641219974
     0.791199982         0.549539983         0.845369995
     0.790719986         0.949970007         0.844720006
     0.713280022         0.438259989         0.656499982
     0.542389989         0.548650026         0.900709987
     0.960110009         0.049419999         0.592779994
     0.957700014         0.451480001         0.592209995
     0.597720027         0.131229997         0.805410028
     0.653540015         0.883700013         0.538739979
     0.848399997         0.372469991         0.946529984
     0.848550022         0.128220007         0.946269989
     0.659600019         0.630069971         0.547209978
     0.599820018         0.363860011         0.809040010
     0.900680006         0.871940017         0.695659995
     0.900160015         0.627200007         0.695580006
     0.742569983         0.860149980         0.862980008
     0.508120000         0.139589995         0.608529985
     0.991909981         0.634119987         0.893260002
     0.990760028         0.865660012         0.888650000
     0.507770002         0.367320001         0.608959973
     0.742190003         0.636619985         0.861599982
     0.757099986         0.152630001         0.637870014
     0.758109987         0.345849991         0.637070000
     0.677860022         0.831740022         0.861720026
     0.570949972         0.175809994         0.620649993
     0.929560006         0.669229984         0.876969993
     0.927919984         0.830269992         0.878780007
     0.571250021         0.340009987         0.621900022
     0.677519977         0.665809989         0.863770008
     0.821839988         0.168530002         0.630840003
     0.823059976         0.329690009         0.631470025
     0.720600009         0.748340011         0.820230007
     0.531520009         0.254860014         0.571380019
     0.969210029         0.750469983         0.926760018
     0.787450016         0.249819994         0.688610017
     0.652170002         0.830910027         0.950519979
     0.598280013         0.160970002         0.708599985
     0.899190009         0.660229981         0.791069984
     0.899529994         0.838660002         0.791100025
     0.596740007         0.336259991         0.711380005
     0.655040026         0.669019997         0.955110013
     0.848689973         0.161760002         0.542100012
     0.848969996         0.339130014         0.542209983
     0.613770008         0.855300009         0.873579979
     0.635460019         0.149159998         0.626940012
     0.865279973         0.638930023         0.873529971
     0.864289999         0.861710012         0.872250021
     0.635879993         0.354750007         0.633930027
     0.613499999         0.653940022         0.882369995
     0.885789990         0.140269995         0.622099996
     0.886399984         0.360780001         0.621930003
     0.633650005         0.754040003         0.523660004
     0.617950022         0.247740000         0.777239978
     0.883379996         0.749549985         0.722000003
     0.864709973         0.250440001         0.972720027
     0.595229983         0.856989980         0.993929982
     0.654869974         0.141489998         0.756169975
     0.842769980         0.647509992         0.740989983
     0.843010008         0.851459980         0.741219997
     0.655390024         0.352149993         0.754920006
     0.598500013         0.646019995         0.503210008
     0.905300021         0.148690000         0.992999971
     0.905439973         0.352259994         0.992950022
     0.557319999         0.750450015         0.519840002
     0.694249988         0.246329993         0.775569975
     0.801090002         0.750079989         0.725369990
     0.946759999         0.250629991         0.975830019
     0.539279997         0.829909980         0.947749972
     0.706629992         0.167480007         0.698840022
     0.789889991         0.665369987         0.798590004
     0.790480018         0.833069980         0.799260020
     0.709429979         0.323529989         0.701269984
     0.542580009         0.661329985         0.952509999
     0.957210004         0.169410005         0.551220000
     0.957430005         0.331220001         0.551479995
     0.550570011         0.838999987         0.850989997
     0.696569979         0.174429998         0.600319982
     0.802829981         0.661490023         0.895850003
     0.802579999         0.839060009         0.896820009
     0.696730018         0.333020002         0.602989972
     0.550589979         0.666260004         0.855820000
     0.948270023         0.156660005         0.648280025
     0.948490024         0.343800008         0.648609996
     0.594919980         0.749819994         0.817920029
     0.648249984         0.256480008         0.570439994
     0.848810017         0.750349998         0.922399998
     0.903639972         0.250140011         0.671959996
     0.651910007         0.729179978         0.642620027
     0.575659990         0.806890011         0.678499997
     0.571030021         0.682200015         0.694379985
     0.623719990         0.743820012         0.725629985
     0.741400003         0.708720028         0.663139999
     0.704219997         0.803040028         0.636500001
     0.674709976         0.822629988         0.725860000
     0.685169995         0.690680027         0.717239976
     0.701099992         0.680230021         0.594299972
     0.603690028         0.652679980         0.616829991
     0.653699994         0.596710026         0.658389986
     0.598699987         0.781310022         0.593909979
     0.641740024         0.854110003         0.646659970
     0.749700010         0.930790007         0.506309986
     0.497590005         0.926360011         0.760890007
     0.498459995         0.044310000         0.767949998
     0.746129990         0.041219998         0.504649997
     0.988179982         0.736280024         0.600510001
     0.012410000         0.745670021         0.618990004
